100
238
760
112
356
192
312
807
762
064
226
694
654
804
376
706
558
239
144
840
498
266
233
124
520
562
254
535
158
074
788
166
598
348
304
500
585
876
246
466
340
234
624
140
324
534
670
174
020
191
156
570
430
344
016
368
659
248
072
531
434
496
152
894
384
438
417
795
480
674
608
096
336
398
638
682
484
764
364
090
703
833
882
690
702
688
328
204
442
462
508
533
832
752
792
554
222
268
887
214
583
334
581
860
260
296
660
052
040
580
768
652
850
060
662
800
120
612
404
705
044
188
470
578
663
704
148
175
196
208
414
454
050
422
854
408
010
184
136
492
643
772
028
418
584
834
630
540
032
258
626
729
798
036
524
092
070
616
600
516
056
300
478
748
474
686
784
170
212
796
132
292
528
008
276
250
604
862
740
388
012
218
776
076
048
716
586
024
178
566
446
004
728
574
410
634
084
780
352
646
031
270
108
428
380
232
504
288
642
744
242
360
400
086
858
724
512
620
068
756
450
440
499
548
426
831
116
231
678
180
826
320
051
392
666
262
818
316
458
275
710
162
332
732
372
308
203
104
591